m 0 0 3168
m 0 1 1432
m 0 2 1008
m 0 3 2680
m 0 4 104
m 0 5 2844
m 0 6 2324
m 0 7 2832
m 0 8 2840
m 0 9 3268
m 0 10 3808
m 0 11 3612
m 0 12 3228
m 0 13 1908
m 0 14 1972
m 0 15 1776
m 0 16 36
m 0 17 3500
m 0 18 984
m 0 19 920
m 0 20 1340
m 0 21 204
m 0 22 1940
m 0 23 1712
m 0 24 2552
m 0 25 440
m 0 26 3920
m 0 27 2060
m 0 28 2128
m 0 29 924
m 0 30 1740
m 0 31 2668
m 0 32 1452
m 0 33 428
m 0 34 2184
m 0 35 1204
m 0 36 992
m 0 37 2716
m 0 38 1720
m 0 39 1428
m 0 40 200
m 0 41 1652
m 0 42 1040
m 0 43 728
m 0 44 1688
m 0 45 2752
m 0 46 3912
m 0 47 1772
m 0 48 1456
m 0 49 728
m 0 50 512
m 0 51 2736
m 0 52 4044
m 0 53 2632
m 0 54 1276
m 0 55 600
m 0 56 1084
m 0 57 2212
m 0 58 1892
m 0 59 1628
m 0 60 28
m 0 61 2868
m 0 62 3900
m 0 63 2752
m 0 64 2504
m 0 65 1536
m 0 66 2028
m 0 67 2492
m 0 68 1800
m 0 69 3340
m 0 70 3612
m 0 71 2452
m 0 72 3520
m 0 73 3548
m 0 74 3368
m 0 75 2284
m 0 76 956
m 0 77 2736
m 0 78 1140
m 0 79 564
m 0 80 1136
m 0 81 1752
m 0 82 896
m 0 83 3652
m 0 84 3800
m 0 85 1804
m 0 86 944
m 0 87 1428
m 0 88 2284
m 0 89 1192
m 0 90 2620
m 0 91 1932
m 0 92 1824
m 0 93 1676
m 0 94 1936
m 0 95 2300
m 0 96 656
m 0 97 4072
m 0 98 1536
m 0 99 3436
m 0 100 436
m 0 101 1792
m 0 102 3504
m 0 103 2212
m 0 104 3212
m 0 105 3112
m 0 106 3048
m 0 107 4
m 0 108 2156
m 0 109 3512
m 0 110 2316
m 0 111 2776
m 0 112 676
m 0 113 3340
m 0 114 3816
m 0 115 752
m 0 116 836
m 0 117 1924
m 0 118 884
m 0 119 3496
m 0 120 1764
m 0 121 224
m 0 122 2804
m 0 123 1940
m 0 124 4016
m 0 125 704
m 0 126 3584
m 0 127 448
m 0 128 1168
m 0 129 1856
m 0 130 2576
m 0 131 2364
m 0 132 1028
m 0 133 1340
m 0 134 4080
m 0 135 2440
m 0 136 1364
m 0 137 3000
m 0 138 2516
m 0 139 1020
m 0 140 2708
m 0 141 4028
m 0 142 3528
m 0 143 724
m 0 144 3404
m 0 145 24
m 0 146 384
m 0 147 1144
m 0 148 3668
m 0 149 80
m 0 150 3176
m 0 151 3996
m 0 152 544
m 0 153 2808
m 0 154 2304
m 0 155 2820
m 0 156 740
m 0 157 1296
m 0 158 604
m 0 159 548
m 0 160 2756
m 0 161 468
m 0 162 1804
m 0 163 3728
m 0 164 2396
m 0 165 1424
m 0 166 912
m 0 167 148
m 0 168 3920
m 0 169 1580
m 0 170 2700
m 0 171 3480
m 0 172 0
m 0 173 2332
m 0 174 3148
m 0 175 1244
m 0 176 1656
m 0 177 816
m 0 178 3168
m 0 179 944
m 0 180 1348
m 0 181 3740
m 0 182 2888
m 0 183 2280
m 0 184 2204
m 0 185 3868
m 0 186 1440
m 0 187 2620
m 0 188 1108
m 0 189 1712
m 0 190 3152
m 0 191 1376
m 0 192 1272
m 0 193 3308
m 0 194 3096
m 0 195 1540
m 0 196 1564
m 0 197 1544
m 0 198 636
m 0 199 2228
m 0 200 1608
m 0 201 3068
m 0 202 1744
m 0 203 1732
m 0 204 2768
m 0 205 2464
f 0 150
m 0 206 3656
m 0 207 3576
m 0 208 2168
m 0 209 3408
m 0 210 2280
m 0 211 1592
m 0 212 472
m 0 213 2184
m 0 214 1396
m 0 215 968
m 0 216 864
m 0 217 3448
m 0 218 680
m 0 219 2596
m 0 220 2528
m 0 221 2460
m 0 222 3324
m 0 223 380
m 0 224 3676
m 0 225 2868
m 0 226 1420
m 0 227 516
m 0 228 3316
f 0 142
m 0 229 3504
m 0 230 2084
m 0 231 3256
m 0 232 388
m 0 233 1080
m 0 234 1352
m 0 235 172
m 0 236 2784
m 0 237 1860
m 0 238 3348
m 0 239 2712
m 0 240 612
m 0 241 2340
m 0 242 1720
m 0 243 1000
m 0 244 1252
m 0 245 3112
m 0 246 1924
m 0 247 1392
m 0 248 3312
m 0 249 700
m 0 250 332
m 0 251 3016
m 0 252 388
m 0 253 992
m 0 254 2372
m 0 255 2488
m 0 256 3724
m 0 257 1784
m 0 258 908
m 0 259 3584
m 0 260 2268
m 0 261 668
m 0 262 788
m 0 263 2080
m 0 264 3288
m 0 265 2728
m 0 266 4048
m 0 267 1568
m 0 268 1240
m 0 269 3424
m 0 270 3816
m 0 271 3308
m 0 272 2892
m 0 273 3100
m 0 274 228
m 0 275 2504
m 0 276 1836
m 0 277 1476
m 0 278 2568
m 0 279 2000
m 0 280 2920
m 0 281 1264
m 0 282 2632
m 0 283 1952
m 0 284 2444
m 0 285 2428
f 0 241
m 0 286 704
m 0 287 4072
m 0 288 1132
m 0 289 956
m 0 290 3996
m 0 291 900
m 0 292 2480
m 0 293 1892
m 0 294 1140
m 0 295 3120
m 0 296 1256
m 0 297 2180
m 0 298 2720
m 0 299 2236
m 0 300 3904
m 0 301 1812
m 0 302 2116
m 0 303 1764
m 0 304 3300
m 0 305 3768
m 0 306 1472
m 0 307 3176
m 0 308 3244
m 0 309 4060
m 0 310 96
m 0 311 4036
m 0 312 1284
m 0 313 784
m 0 314 1152
m 0 315 1396
m 0 316 2664
m 0 317 4092
m 0 318 520
m 0 319 1060
m 0 320 2508
m 0 321 848
m 0 322 2332
m 0 323 3308
m 0 324 1524
m 0 325 2100
m 0 326 300
m 0 327 1068
m 0 328 1832
m 0 329 1852
m 0 330 2740
m 0 331 1720
m 0 332 732
m 0 333 1124
m 0 334 2628
m 0 335 2644
m 0 336 3000
m 0 337 968
m 0 338 996
m 0 339 4080
m 0 340 3144
m 0 341 1636
m 0 342 500
m 0 343 2696
m 0 344 24
m 0 345 2500
m 0 346 3832
m 0 347 3028
m 0 348 1912
m 0 349 2156
m 0 350 3036
m 0 351 1476
m 0 352 3956
m 0 353 3796
m 0 354 2920
m 0 355 4040
m 0 356 1400
m 0 357 2368
m 0 358 1192
m 0 359 1096
m 0 360 2192
m 0 361 2968
m 0 362 2704
m 0 363 2684
m 0 364 3176
m 0 365 3196
m 0 366 2724
m 0 367 252
m 0 368 336
m 0 369 1260
m 0 370 3336
m 0 371 2744
m 0 372 4
m 0 373 2768
m 0 374 820
m 0 375 2044
m 0 376 1580
m 0 377 1124
m 0 378 672
m 0 379 1864
m 0 380 3688
m 0 381 208
m 0 382 1276
m 0 383 2044
m 0 384 688
m 0 385 444
m 0 386 2620
m 0 387 168
m 0 388 3428
m 0 389 2856
m 0 390 1196
m 0 391 640
m 0 392 3076
m 0 393 240
m 0 394 1104
m 0 395 3744
m 0 396 3408
m 0 397 160
m 0 398 2168
m 0 399 2192
m 0 400 968
m 0 401 3324
m 0 402 352
m 0 403 3252
m 0 404 3340
m 0 405 1160
m 0 406 3928
m 0 407 2968
m 0 408 1744
m 0 409 876
m 0 410 3148
m 0 411 3900
m 0 412 476
m 0 413 28
m 0 414 3456
m 0 415 3936
m 0 416 540
m 0 417 3756
m 0 418 2504
f 0 76
m 0 419 3172
m 0 420 3176
m 0 421 3920
m 0 422 1224
m 0 423 2296
m 0 424 1996
m 0 425 2348
m 0 426 276
m 0 427 3188
m 0 428 1512
m 0 429 424
m 0 430 3724
m 0 431 3260
m 0 432 352
m 0 433 32
m 0 434 3740
m 0 435 468
m 0 436 1920
m 0 437 4008
m 0 438 1364
m 0 439 1224
m 0 440 2288
m 0 441 768
m 0 442 1572
f 0 223
m 0 443 2092
m 0 444 2924
m 0 445 3496
m 0 446 3532
m 0 447 2000
m 0 448 3460
m 0 449 912
m 0 450 492
m 0 451 3912
m 0 452 1300
m 0 453 3120
m 0 454 2284
m 0 455 1124
m 0 456 1268
m 0 457 2700
m 0 458 52
m 0 459 104
m 0 460 3472
m 0 461 2060
m 0 462 2904
m 0 463 3312
m 0 464 3396
m 0 465 372
m 0 466 3460
m 0 467 2668
f 0 148
m 0 468 3328
m 0 469 3768
m 0 470 1728
m 0 471 260
m 0 472 3652
m 0 473 1520
m 0 474 812
m 0 475 764
m 0 476 1200
m 0 477 2876
m 0 478 3456
m 0 479 904
m 0 480 3072
m 0 481 1796
m 0 482 1904
m 0 483 3016
f 0 276
m 0 484 2216
m 0 485 3608
f 0 254
m 0 486 2884
m 0 487 3340
m 0 488 3516
m 0 489 1708
m 0 490 1576
m 0 491 3672
m 0 492 816
m 0 493 2068
m 0 494 1656
m 0 495 2724
m 0 496 868
m 0 497 908
m 0 498 1820
m 0 499 548
m 0 500 1000
m 0 501 520
m 0 502 436
m 0 503 732
m 0 504 744
m 0 505 2312
m 0 506 1456
m 0 507 2496
m 0 508 2668
m 0 509 1856
m 0 510 504
m 0 511 940
m 0 512 3604
m 0 513 2340
m 0 514 1264
m 0 515 536
m 0 516 268
m 0 517 1240
m 0 518 636
m 0 519 296
m 0 520 2520
m 0 521 3452
m 0 522 892
m 0 523 2524
m 0 524 2680
m 0 525 676
m 0 526 2500
m 0 527 868
m 0 528 3872
m 0 529 3376
m 0 530 3120
m 0 531 416
m 0 532 1572
m 0 533 388
m 0 534 1456
m 0 535 1544
m 0 536 3056
m 0 537 3804
m 0 538 2572
m 0 539 432
m 0 540 464
m 0 541 176
m 0 542 1152
m 0 543 4024
m 0 544 1576
m 0 545 232
m 0 546 408
m 0 547 3472
m 0 548 636
m 0 549 4076
m 0 550 3864
m 0 551 1960
m 0 552 1900
m 0 553 1808
m 0 554 652
m 0 555 2308
m 0 556 120
m 0 557 3616
m 0 558 1624
m 0 559 3024
m 0 560 3944
m 0 561 1148
m 0 562 3920
m 0 563 1752
m 0 564 3760
m 0 565 476
m 0 566 3836
m 0 567 3276
m 0 568 3588
m 0 569 176
m 0 570 4072
m 0 571 728
m 0 572 1684
m 0 573 1372
m 0 574 2908
m 0 575 3996
m 0 576 1424
f 0 174
m 0 577 668
m 0 578 3888
m 0 579 2024
m 0 580 2184
m 0 581 1288
m 0 582 3948
m 0 583 3928
m 0 584 2124
f 0 182
m 0 585 1552
m 0 586 4076
m 0 587 2040
m 0 588 1328
m 0 589 3972
m 0 590 3780
m 0 591 2552
m 0 592 2532
m 0 593 4040
m 0 594 3264
m 0 595 1668
m 0 596 496
m 0 597 3664
m 0 598 472
m 0 599 2084
m 0 600 3048
m 0 601 296
m 0 602 516
m 0 603 2904
f 0 178
m 0 604 3608
m 0 605 2488
m 0 606 1060
m 0 607 3156
m 0 608 2816
m 0 609 988
m 0 610 2084
m 0 611 2312
m 0 612 60
m 0 613 3956
m 0 614 2812
m 0 615 2992
m 0 616 2376
m 0 617 3124
m 0 618 2348
m 0 619 544
m 0 620 3308
m 0 621 1524
m 0 622 3680
m 0 623 1912
m 0 624 1224
m 0 625 1496
m 0 626 276
m 0 627 3720
m 0 628 3224
m 0 629 2904
m 0 630 2696
m 0 631 2012
m 0 632 388
m 0 633 1764
m 0 634 1268
m 0 635 2856
m 0 636 1068
m 0 637 1152
m 0 638 3440
m 0 639 2888
m 0 640 3412
m 0 641 1348
m 0 642 176
f 0 29
m 0 643 216
m 0 644 312
m 0 645 3628
m 0 646 1380
m 0 647 3140
m 0 648 2436
m 0 649 3392
m 0 650 3532
m 0 651 332
m 0 652 1800
m 0 653 3740
m 0 654 1444
m 0 655 704
m 0 656 3604
m 0 657 2628
m 0 658 2804
m 0 659 140
m 0 660 2028
m 0 661 1588
m 0 662 320
m 0 663 636
m 0 664 456
f 0 38
m 0 665 2428
m 0 666 1872
m 0 667 2400
m 0 668 1188
m 0 669 844
m 0 670 2256
m 0 671 2892
m 0 672 2048
m 0 673 3844
m 0 674 3344
m 0 675 3188
m 0 676 304
m 0 677 1264
m 0 678 1272
m 0 679 4032
m 0 680 2700
m 0 681 2008
m 0 682 2148
m 0 683 1016
m 0 684 1352
m 0 685 440
m 0 686 2676
m 0 687 2824
m 0 688 2384
m 0 689 2020
m 0 690 1700
m 0 691 2676
m 0 692 376
f 0 147
m 0 693 392
m 0 694 3232
m 0 695 3604
m 0 696 2536
m 0 697 1176
m 0 698 1120
m 0 699 3584
m 0 700 3584
m 0 701 3648
m 0 702 20
m 0 703 3136
m 0 704 1880
m 0 705 2556
m 0 706 1084
m 0 707 2432
m 0 708 772
m 0 709 2440
m 0 710 2220
m 0 711 1788
m 0 712 1888
m 0 713 4028
m 0 714 300
m 0 715 2864
m 0 716 3560
m 0 717 3328
m 0 718 2852
m 0 719 180
m 0 720 2040
m 0 721 3668
m 0 722 2048
m 0 723 1732
m 0 724 1392
m 0 725 2740
m 0 726 824
m 0 727 2832
m 0 728 3752
m 0 729 3400
m 0 730 828
m 0 731 1032
m 0 732 1084
m 0 733 3040
m 0 734 3176
m 0 735 1164
m 0 736 2068
m 0 737 1088
m 0 738 1484
m 0 739 2864
f 0 517
m 0 740 500
m 0 741 2552
m 0 742 2664
m 0 743 1328
m 0 744 1120
m 0 745 1456
m 0 746 3320
m 0 747 2384
m 0 748 2592
m 0 749 3276
m 0 750 48
m 0 751 740
m 0 752 4028
m 0 753 3944
f 0 720
m 0 754 608
m 0 755 2716
m 0 756 3864
f 0 589
m 0 757 2156
m 0 758 496
m 0 759 364
m 0 760 2360
m 0 761 460
m 0 762 1888
m 0 763 1640
m 0 764 3684
m 0 765 860
m 0 766 1200
m 0 767 2496
m 0 768 1260
m 0 769 640
f 0 637
m 0 770 3536
m 0 771 3984
m 0 772 1452
m 0 773 3884
m 0 774 2652
m 0 775 1088
m 0 776 1832
f 0 446
m 0 777 2692
m 0 778 2992
m 0 779 2876
m 0 780 2744
f 0 646
m 0 781 972
m 0 782 1960
m 0 783 3264
m 0 784 3532
m 0 785 2104
f 0 634
m 0 786 3776
m 0 787 340
m 0 788 2020
m 0 789 1880
m 0 790 3832
m 0 791 3376
m 0 792 1300
m 0 793 3480
m 0 794 2856
m 0 795 120
m 0 796 264
m 0 797 1036
m 0 798 4004
m 0 799 2756
m 0 800 3116
m 0 801 440
m 0 802 1084
m 0 803 1720
m 0 804 3584
m 0 805 1948
m 0 806 2428
m 0 807 3328
m 0 808 2068
m 0 809 292
m 0 810 3984
m 0 811 2504
m 0 812 3028
m 0 813 92
m 0 814 1584
f 0 183
m 0 815 2808
m 0 816 192
m 0 817 1988
f 0 567
m 0 818 2704
f 0 443
m 0 819 708
m 0 820 3252
f 0 24
m 0 821 672
m 0 822 3012
m 0 823 792
m 0 824 2796
m 0 825 124
m 0 826 2852
m 0 827 3600
m 0 828 2456
m 0 829 2096
m 0 830 2780
m 0 831 2192
m 0 832 752
m 0 833 3604
m 0 834 868
m 0 835 2772
m 0 836 2628
m 0 837 4088
m 0 838 3516
m 0 839 1940
f 0 807
m 0 840 3684
m 0 841 3672
m 0 842 528
m 0 843 676
m 0 844 1248
m 0 845 2172
f 0 35
m 0 846 72
m 0 847 2696
f 0 493
m 0 848 3560
m 0 849 360
m 0 850 2648
m 0 851 2132
m 0 852 3916
m 0 853 1560
m 0 854 548
f 0 64
m 0 855 132
m 0 856 1500
m 0 857 1632
m 0 858 3356
m 0 859 672
m 0 860 320
m 0 861 3152
m 0 862 592
m 0 863 324
m 0 864 1368
m 0 865 1708
m 0 866 680
m 0 867 1032
m 0 868 1676
m 0 869 1352
m 0 870 3192
f 0 78
f 0 259
m 0 871 152
m 0 872 1776
m 0 873 1720
m 0 874 3012
m 0 875 3280
m 0 876 3092
m 0 877 3216
m 0 878 3132
m 0 879 3416
m 0 880 340
m 0 881 3064
m 0 882 2100
m 0 883 3328
m 0 884 860
m 0 885 1176
m 0 886 1692
m 0 887 32
f 0 731
m 0 888 1940
m 0 889 2860
m 0 890 3924
m 0 891 2668
m 0 892 628
m 0 893 3864
m 0 894 616
m 0 895 1392
m 0 896 3416
m 0 897 1516
m 0 898 2612
m 0 899 1792
m 0 900 2940
m 0 901 252
m 0 902 1072
m 0 903 2356
m 0 904 1328
m 0 905 1968
m 0 906 1908
m 0 907 452
m 0 908 3052
m 0 909 3604
f 0 87
m 0 910 656
m 0 911 1252
m 0 912 3924
m 0 913 692
m 0 914 2648
m 0 915 2672
m 0 916 3444
m 0 917 3040
m 0 918 3392
m 0 919 492
m 0 920 1284
m 0 921 3168
f 0 653
m 0 922 1672
m 0 923 1196
f 0 125
m 0 924 1144
m 0 925 3804
m 0 926 1928
m 0 927 1144
m 0 928 168
m 0 929 2992
m 0 930 932
m 0 931 2176
m 0 932 1196
m 0 933 624
m 0 934 2280
m 0 935 496
m 0 936 1080
m 0 937 2448
m 0 938 884
m 0 939 3436
m 0 940 3852
m 0 941 2624
m 0 942 2056
m 0 943 3120
m 0 944 1084
m 0 945 1708
m 0 946 2344
m 0 947 1048
m 0 948 2856
m 0 949 3180
f 0 81
m 0 950 3700
m 0 951 2072
m 0 952 2384
m 0 953 2588
m 0 954 1636
m 0 955 2536
m 0 956 140
m 0 957 500
m 0 958 1100
m 0 959 1320
m 0 960 2260
m 0 961 2040
m 0 962 3000
m 0 963 3064
m 0 964 952
m 0 965 3772
m 0 966 2052
m 0 967 592
m 0 968 1532
f 0 282
m 0 969 1584
m 0 970 4064
m 0 971 4060
m 0 972 340
m 0 973 1624
f 0 690
f 0 961
m 0 974 4068
m 0 975 164
m 0 976 1436
m 0 977 1932
f 0 22
m 0 978 3264
m 0 979 1128
m 0 980 3928
m 0 981 748
m 0 982 3844
f 0 47
m 0 983 3232
m 0 984 884
m 0 985 2292
m 0 986 1428
m 0 987 2052
m 0 988 2412
f 0 126
m 0 989 3916
m 0 990 2540
m 0 991 3616
m 0 992 1396
m 0 993 1068
m 0 994 1744
m 0 995 3520
m 0 996 828
m 0 997 1780
m 0 998 2528
f 0 378
m 0 999 3304
m 0 1000 1312
f 0 573
m 0 1001 2536
m 0 1002 216
m 0 1003 2640
m 0 1004 688
m 0 1005 780
m 0 1006 1644
m 0 1007 1988
m 0 1008 3168
m 0 1009 204
f 0 112
m 0 1010 3184
m 0 1011 256
m 0 1012 1680
m 0 1013 3872
f 0 804
m 0 1014 1700
m 0 1015 2500
m 0 1016 568
m 0 1017 832
f 0 74
m 0 1018 1900
m 0 1019 2324
m 0 1020 3368
m 0 1021 440
m 0 1022 1088
m 0 1023 532
m 0 1024 3524
m 0 1025 3140
m 0 1026 3680
m 0 1027 1828
m 0 1028 68
m 0 1029 1384
m 0 1030 2452
m 0 1031 980
m 0 1032 436
m 0 1033 3792
m 0 1034 168
m 0 1035 3868
m 0 1036 2200
m 0 1037 3536
m 0 1038 1892
m 0 1039 3260
m 0 1040 1968
m 0 1041 276
m 0 1042 2524
m 0 1043 56
m 0 1044 424
m 0 1045 768
m 0 1046 1804
m 0 1047 4048
m 0 1048 2604
m 0 1049 3552
m 0 1050 180
m 0 1051 3888
m 0 1052 3172
m 0 1053 348
m 0 1054 648
m 0 1055 64
f 0 904
m 0 1056 684
m 0 1057 2232
m 0 1058 2900
m 0 1059 364
m 0 1060 2720
m 0 1061 1956
m 0 1062 1172
f 0 1008
m 0 1063 3196
m 0 1064 3956
m 0 1065 1940
m 0 1066 2020
m 0 1067 2284
m 0 1068 1576
m 0 1069 316
m 0 1070 2132
m 0 1071 3584
m 0 1072 3712
m 0 1073 1308
m 0 1074 1600
m 0 1075 2396
m 0 1076 3676
f 0 554
m 0 1077 120
m 0 1078 1060
m 0 1079 2888
m 0 1080 984
m 0 1081 696
m 0 1082 3448
m 0 1083 2252
m 0 1084 2004
m 0 1085 2460
m 0 1086 2556
m 0 1087 2492
m 0 1088 1612
m 0 1089 1944
m 0 1090 3036
m 0 1091 2448
m 0 1092 96
m 0 1093 1356
m 0 1094 2424
f 0 670
m 0 1095 1156
m 0 1096 460
m 0 1097 180
m 0 1098 3160
f 0 655
m 0 1099 3812
m 0 1100 3340
m 0 1101 384
m 0 1102 2156
m 0 1103 984
m 0 1104 2584
m 0 1105 3956
m 0 1106 2568
m 0 1107 3900
m 0 1108 616
m 0 1109 3132
m 0 1110 248
m 0 1111 1984
m 0 1112 3780
m 0 1113 3236
m 0 1114 2592
m 0 1115 1324
m 0 1116 3652
m 0 1117 2432
m 0 1118 2112
m 0 1119 3460
m 0 1120 388
m 0 1121 944
f 0 43
m 0 1122 2096
m 0 1123 944
m 0 1124 2308
m 0 1125 624
m 0 1126 808
m 0 1127 2860
m 0 1128 2024
m 0 1129 3372
m 0 1130 2552
m 0 1131 3600
m 0 1132 2648
f 0 379
m 0 1133 700
f 0 925
m 0 1134 2208
m 0 1135 512
m 0 1136 188
m 0 1137 2856
m 0 1138 1064
m 0 1139 1396
m 0 1140 2308
m 0 1141 4072
m 0 1142 2348
m 0 1143 1940
m 0 1144 240
m 0 1145 3504
m 0 1146 1744
f 0 234
m 0 1147 2704
m 0 1148 836
m 0 1149 2868
m 0 1150 268
m 0 1151 620
m 0 1152 1456
m 0 1153 2344
m 0 1154 444
m 0 1155 2396
m 0 1156 3392
f 0 883
m 0 1157 3796
m 0 1158 3844
m 0 1159 1436
m 0 1160 1564
m 0 1161 1976
m 0 1162 3072
m 0 1163 1032
m 0 1164 3132
m 0 1165 884
m 0 1166 264
m 0 1167 3304
m 0 1168 1140
m 0 1169 2500
f 0 181
m 0 1170 3296
m 0 1171 1004
m 0 1172 2004
m 0 1173 84
m 0 1174 3664
m 0 1175 3160
m 0 1176 3340
m 0 1177 3492
m 0 1178 3492
m 0 1179 4088
m 0 1180 760
m 0 1181 1676
m 0 1182 2916
m 0 1183 2512
m 0 1184 1960
m 0 1185 1808
m 0 1186 452
f 0 686
m 0 1187 2192
f 0 722
m 0 1188 3172
m 0 1189 824
f 0 963
m 0 1190 1384
m 0 1191 1040
m 0 1192 3556
m 0 1193 2784
m 0 1194 2580
f 0 960
m 0 1195 1752
f 0 338
f 0 708
m 0 1196 2912
m 0 1197 112
m 0 1198 1348
m 0 1199 2380
m 0 1200 1392
m 0 1201 2272
m 0 1202 2896
m 0 1203 1172
m 0 1204 568
m 0 1205 3884
m 0 1206 3492
m 0 1207 2336
m 0 1208 120
m 0 1209 496
m 0 1210 516
m 0 1211 2352
m 0 1212 1320
m 0 1213 780
m 0 1214 3332
m 0 1215 2808
m 0 1216 2612
m 0 1217 2748
m 0 1218 2944
f 0 1000
m 0 1219 3404
m 0 1220 688
m 0 1221 2400
m 0 1222 1020
m 0 1223 964
m 0 1224 2248
m 0 1225 4064
m 0 1226 1008
f 0 857
m 0 1227 1308
m 0 1228 2044
m 0 1229 3624
m 0 1230 2944
m 0 1231 508
m 0 1232 1984
f 0 822
m 0 1233 2848
m 0 1234 3556
m 0 1235 2580
f 0 757
f 0 527
f 0 617
f 0 803
m 0 1236 80
m 0 1237 540
m 0 1238 1628
m 0 1239 2736
f 0 355
m 0 1240 500
m 0 1241 232
m 0 1242 2716
m 0 1243 668
f 0 647
m 0 1244 1472
m 0 1245 792
m 0 1246 2912
m 0 1247 2224
m 0 1248 192
m 0 1249 572
m 0 1250 2636
m 0 1251 152
m 0 1252 2856
m 0 1253 1632
m 0 1254 1384
m 0 1255 2268
m 0 1256 2256
m 0 1257 288
m 0 1258 3564
m 0 1259 2836
m 0 1260 3304
m 0 1261 716
m 0 1262 3904
f 0 468
f 0 919
m 0 1263 3452
m 0 1264 736
m 0 1265 2400
m 0 1266 252
m 0 1267 368
m 0 1268 2768
m 0 1269 2372
m 0 1270 2212
m 0 1271 584
m 0 1272 1728
m 0 1273 1224
m 0 1274 1944
m 0 1275 4024
m 0 1276 1896
m 0 1277 2044
m 0 1278 292
m 0 1279 1976
m 0 1280 824
m 0 1281 620
m 0 1282 2804
f 0 507
f 0 351
m 0 1283 3068
m 0 1284 2984
m 0 1285 3224
m 0 1286 932
m 0 1287 2632
m 0 1288 3096
m 0 1289 3780
m 0 1290 660
m 0 1291 2832
m 0 1292 2740
m 0 1293 3140
m 0 1294 948
m 0 1295 2500
m 0 1296 1808
m 0 1297 3716
m 0 1298 1896
m 0 1299 3376
m 0 1300 1480
m 0 1301 1952
m 0 1302 3248
m 0 1303 3592
m 0 1304 3368
m 0 1305 2224
f 0 679
m 0 1306 3444
m 0 1307 4016
m 0 1308 1020
m 0 1309 3136
m 0 1310 3376
m 0 1311 1516
m 0 1312 3504
m 0 1313 4048
m 0 1314 1292
m 0 1315 1132
f 0 518
m 0 1316 2744
m 0 1317 720
m 0 1318 2360
m 0 1319 116
m 0 1320 1348
m 0 1321 3744
f 0 450
m 0 1322 1372
m 0 1323 832
m 0 1324 316
f 0 1111
m 0 1325 2228
m 0 1326 2528
m 0 1327 364
m 0 1328 2748
m 0 1329 2564
m 0 1330 3516
f 0 880
m 0 1331 2248
m 0 1332 2880
m 0 1333 716
m 0 1334 2812
m 0 1335 600
m 0 1336 3476
m 0 1337 2500
m 0 1338 236
m 0 1339 3596
m 0 1340 2832
m 0 1341 2240
m 0 1342 3828
m 0 1343 728
m 0 1344 1576
m 0 1345 576
f 0 508
m 0 1346 3908
f 0 1010
m 0 1347 3160
m 0 1348 1592
m 0 1349 2396
m 0 1350 2164
m 0 1351 2424
m 0 1352 1992
m 0 1353 156
m 0 1354 1448
m 0 1355 440
m 0 1356 280
m 0 1357 88
m 0 1358 1460
m 0 1359 1116
m 0 1360 968
m 0 1361 2072
f 0 821
m 0 1362 1084
m 0 1363 1272
m 0 1364 3648
m 0 1365 2048
f 0 753
m 0 1366 2596
m 0 1367 808
m 0 1368 504
m 0 1369 540
m 0 1370 3416
m 0 1371 1792
m 0 1372 2980
m 0 1373 1388
m 0 1374 1728
m 0 1375 1076
m 0 1376 2272
m 0 1377 2496
f 0 1016
m 0 1378 1420
f 0 284
f 0 386
m 0 1379 948
m 0 1380 1856
m 0 1381 3188
m 0 1382 1928
f 0 1080
m 0 1383 2516
m 0 1384 4068
m 0 1385 1500
m 0 1386 2832
m 0 1387 2832
m 0 1388 1444
m 0 1389 3000
f 0 145
m 0 1390 2148
m 0 1391 2560
m 0 1392 1628
m 0 1393 1044
m 0 1394 2428
f 0 167
m 0 1395 248
m 0 1396 356
f 0 334
m 0 1397 1248
m 0 1398 3972
m 0 1399 3764
m 0 1400 4036
m 0 1401 4084
m 0 1402 1008
m 0 1403 868
m 0 1404 1996
m 0 1405 2928
m 0 1406 2332
m 0 1407 4040
m 0 1408 3572
m 0 1409 336
m 0 1410 3764
f 0 1273
m 0 1411 3820
m 0 1412 2516
m 0 1413 32
f 0 1406
m 0 1414 68
m 0 1415 220
m 0 1416 2204
m 0 1417 3128
m 0 1418 2832
m 0 1419 4084
m 0 1420 2064
m 0 1421 3876
m 0 1422 3828
m 0 1423 3004
m 0 1424 1700
m 0 1425 116
m 0 1426 1348
m 0 1427 1348
f 0 421
m 0 1428 2996
m 0 1429 2120
m 0 1430 1044
m 0 1431 1248
m 0 1432 4060
m 0 1433 3260
m 0 1434 2624
m 0 1435 736
m 0 1436 3068
m 0 1437 3344
m 0 1438 1088
m 0 1439 3832
m 0 1440 720
m 0 1441 3952
m 0 1442 3772
m 0 1443 828
m 0 1444 396
f 0 998
m 0 1445 3800
m 0 1446 304
m 0 1447 1268
m 0 1448 860
m 0 1449 3756
m 0 1450 272
m 0 1451 2700
m 0 1452 616
m 0 1453 2048
m 0 1454 304
f 0 1350
m 0 1455 560
m 0 1456 2636
m 0 1457 1592
m 0 1458 1004
m 0 1459 2284
m 0 1460 3684
m 0 1461 2268
m 0 1462 896
m 0 1463 3728
m 0 1464 236
m 0 1465 3768
m 0 1466 668
m 0 1467 2788
f 0 1168
m 0 1468 3244
m 0 1469 2832
m 0 1470 892
m 0 1471 3560
m 0 1472 1348
m 0 1473 3144
m 0 1474 1272
m 0 1475 1000
m 0 1476 36
m 0 1477 2252
f 0 207
m 0 1478 3008
f 0 1262
m 0 1479 3608
m 0 1480 1888
m 0 1481 3896
m 0 1482 3900
f 0 676
m 0 1483 2856
m 0 1484 1816
m 0 1485 3412
m 0 1486 2052
f 0 911
m 0 1487 3112
m 0 1488 664
m 0 1489 588
m 0 1490 2552
m 0 1491 3684
m 0 1492 1064
m 0 1493 2944
m 0 1494 2516
m 0 1495 960
m 0 1496 856
m 0 1497 4052
m 0 1498 2904
m 0 1499 596
m 0 1500 2972
m 0 1501 3572
m 0 1502 724
m 0 1503 1084
f 0 289
f 0 1057
m 0 1504 3732
m 0 1505 628
m 0 1506 1856
m 0 1507 1080
m 0 1508 3012
m 0 1509 2840
m 0 1510 2860
m 0 1511 2232
m 0 1512 3600
m 0 1513 1644
m 0 1514 2976
m 0 1515 1952
m 0 1516 3364
m 0 1517 4000
m 0 1518 1408
m 0 1519 3536
f 0 118
m 0 1520 3304
m 0 1521 180
m 0 1522 2372
f 0 1407
m 0 1523 32
m 0 1524 3144
m 0 1525 1076
m 0 1526 2360
f 0 106
m 0 1527 3036
m 0 1528 3736
m 0 1529 1968
m 0 1530 1116
m 0 1531 2900
m 0 1532 3560
f 0 1286
m 0 1533 3484
f 0 513
m 0 1534 2388
m 0 1535 752
m 0 1536 2904
m 0 1537 52
m 0 1538 1956
f 0 290
m 0 1539 200
m 0 1540 1924
m 0 1541 680
f 0 738
m 0 1542 2652
m 0 1543 2560
m 0 1544 3628
m 0 1545 3440
m 0 1546 2604
m 0 1547 3480
m 0 1548 324
m 0 1549 2708
f 0 113
m 0 1550 3684
m 0 1551 2944
m 0 1552 548
m 0 1553 1644
m 0 1554 1972
m 0 1555 3228
m 0 1556 3012
m 0 1557 2952
f 0 407
m 0 1558 2568
m 0 1559 3212
m 0 1560 3664
m 0 1561 2888
m 0 1562 2756
m 0 1563 3012
m 0 1564 3716
m 0 1565 220
m 0 1566 768
m 0 1567 3444
f 0 640
m 0 1568 3268
m 0 1569 412
m 0 1570 1412
f 0 40
m 0 1571 612
m 0 1572 2888
m 0 1573 508
m 0 1574 3692
m 0 1575 2188
m 0 1576 2132
m 0 1577 1760
m 0 1578 2792
m 0 1579 600
m 0 1580 764
m 0 1581 488
m 0 1582 2020
m 0 1583 1668
m 0 1584 3016
m 0 1585 500
m 0 1586 420
m 0 1587 1276
m 0 1588 3968
m 0 1589 600
m 0 1590 3208
m 0 1591 1964
m 0 1592 1020
m 0 1593 2200
m 0 1594 44
m 0 1595 376
f 0 1385
m 0 1596 1904
m 0 1597 3444
m 0 1598 1380
f 0 46
m 0 1599 2700
m 0 1600 260
m 0 1601 884
m 0 1602 944
m 0 1603 1800
m 0 1604 1964
m 0 1605 2772
m 0 1606 672
m 0 1607 848
m 0 1608 316
m 0 1609 496
m 0 1610 500
m 0 1611 888
m 0 1612 2552
f 0 124
m 0 1613 408
m 0 1614 2404
m 0 1615 4024
m 0 1616 796
m 0 1617 3156
m 0 1618 580
m 0 1619 1576
m 0 1620 3500
f 0 1147
m 0 1621 2532
m 0 1622 2756
f 0 923
m 0 1623 160
f 0 642
m 0 1624 1028
f 0 228
m 0 1625 656
m 0 1626 3900
f 0 175
m 0 1627 3536
f 0 1020
m 0 1628 3796
m 0 1629 2052
m 0 1630 1568
m 0 1631 2268
m 0 1632 3240
f 0 1205
m 0 1633 724
m 0 1634 1784
m 0 1635 2720
m 0 1636 2424
f 0 1336
m 0 1637 1232
m 0 1638 2612
f 0 623
m 0 1639 52
m 0 1640 3376
m 0 1641 2636
m 0 1642 372
m 0 1643 1648
m 0 1644 2176
m 0 1645 3756
m 0 1646 1504
m 0 1647 2944
m 0 1648 4056
m 0 1649 324
m 0 1650 3212
m 0 1651 1884
m 0 1652 476
m 0 1653 1444
m 0 1654 2476
m 0 1655 3776
m 0 1656 2748
m 0 1657 32
m 0 1658 2240
m 0 1659 1392
m 0 1660 1492
m 0 1661 3072
m 0 1662 296
m 0 1663 4028
m 0 1664 664
m 0 1665 3968
m 0 1666 800
m 0 1667 1196
m 0 1668 1796
f 0 1648
m 0 1669 660
m 0 1670 2272
m 0 1671 3280
f 0 1426
m 0 1672 484
m 0 1673 308
m 0 1674 2260
m 0 1675 2836
m 0 1676 1140
m 0 1677 1640
m 0 1678 424
f 0 886
m 0 1679 3116
m 0 1680 2288
f 0 313
m 0 1681 1728
m 0 1682 688
f 0 1074
m 0 1683 3420
f 0 1323
m 0 1684 2736
m 0 1685 3428
f 0 275
m 0 1686 724
m 0 1687 636
f 0 431
m 0 1688 920
m 0 1689 2680
m 0 1690 900
m 0 1691 1688
m 0 1692 2280
m 0 1693 3516
m 0 1694 2944
m 0 1695 1928
m 0 1696 2684
m 0 1697 3876
m 0 1698 268
m 0 1699 1668
m 0 1700 2344
m 0 1701 3584
m 0 1702 176
m 0 1703 136
m 0 1704 460
m 0 1705 3108
m 0 1706 1748
m 0 1707 1056
m 0 1708 4024
f 0 370
m 0 1709 768
m 0 1710 876
m 0 1711 1316
m 0 1712 732
m 0 1713 2892
m 0 1714 1624
m 0 1715 2172
m 0 1716 2156
m 0 1717 468
m 0 1718 3520
m 0 1719 4016
m 0 1720 4036
f 0 186
f 0 721
m 0 1721 3236
m 0 1722 2508
m 0 1723 2116
m 0 1724 256
m 0 1725 960
f 0 666
m 0 1726 504
f 0 420
m 0 1727 2296
m 0 1728 944
m 0 1729 2088
m 0 1730 536
m 0 1731 3120
m 0 1732 2212
m 0 1733 648
m 0 1734 956
m 0 1735 2448
f 0 1497
m 0 1736 212
m 0 1737 3944
m 0 1738 1824
m 0 1739 432
m 0 1740 136
m 0 1741 1056
m 0 1742 2124
m 0 1743 3880
f 0 641
m 0 1744 3620
m 0 1745 1084
m 0 1746 736
m 0 1747 2312
m 0 1748 3392
m 0 1749 1360
m 0 1750 1220
m 0 1751 1112
m 0 1752 3112
m 0 1753 636
m 0 1754 3816
m 0 1755 2492
m 0 1756 1452
m 0 1757 3404
m 0 1758 3872
m 0 1759 2312
m 0 1760 1344
m 0 1761 3864
m 0 1762 1100
m 0 1763 3720
m 0 1764 2660
m 0 1765 3860
m 0 1766 3764
f 0 1436
f 0 1567
m 0 1767 2836
m 0 1768 1896
m 0 1769 1368
m 0 1770 2180
m 0 1771 3768
m 0 1772 260
m 0 1773 1664
m 0 1774 2216
m 0 1775 568
m 0 1776 2576
m 0 1777 1908
m 0 1778 756
m 0 1779 2776
m 0 1780 1584
m 0 1781 528
m 0 1782 1956
m 0 1783 2948
f 0 335
m 0 1784 2900
m 0 1785 2632
m 0 1786 1560
m 0 1787 1184
m 0 1788 764
m 0 1789 2352
m 0 1790 1212
m 0 1791 1312
m 0 1792 484
m 0 1793 992
f 0 1324
m 0 1794 540
m 0 1795 2808
m 0 1796 1836
m 0 1797 2416
m 0 1798 1320
m 0 1799 3820
f 0 194
f 0 114
f 0 257
m 0 1800 1656
f 0 305
m 0 1801 1620
m 0 1802 2964
m 0 1803 3340
m 0 1804 492
m 0 1805 704
m 0 1806 3584
m 0 1807 3960
m 0 1808 280
m 0 1809 3416
m 0 1810 2156
m 0 1811 2700
m 0 1812 3924
m 0 1813 120
f 0 881
m 0 1814 2084
f 0 1416
m 0 1815 176
m 0 1816 2368
m 0 1817 988
m 0 1818 1132
m 0 1819 2584
f 0 1158
f 0 1221
m 0 1820 2296
f 0 1004
m 0 1821 1668
f 0 1086
m 0 1822 3616
m 0 1823 3064
m 0 1824 3848
f 0 1598
m 0 1825 12
f 0 380
f 0 710
f 0 1294
m 0 1826 824
m 0 1827 3440
m 0 1828 2080
f 0 1051
m 0 1829 3444
m 0 1830 3832
f 0 948
m 0 1831 176
m 0 1832 208
m 0 1833 320
m 0 1834 512
m 0 1835 3692
m 0 1836 3176
m 0 1837 2984
m 0 1838 2356
f 0 842
m 0 1839 1332
m 0 1840 1988
m 0 1841 980
m 0 1842 1684
m 0 1843 1452
f 0 1539
m 0 1844 2192
f 0 957
m 0 1845 3356
m 0 1846 2372
m 0 1847 580
m 0 1848 3216
m 0 1849 1992
m 0 1850 2496
m 0 1851 3896
m 0 1852 2496
m 0 1853 1116
m 0 1854 1940
m 0 1855 0
m 0 1856 2448
m 0 1857 1748
m 0 1858 2360
m 0 1859 2440
m 0 1860 3876
m 0 1861 3524
m 0 1862 1404
m 0 1863 28
m 0 1864 2876
m 0 1865 3628
m 0 1866 2408
m 0 1867 1072
m 0 1868 1508
m 0 1869 3392
m 0 1870 1428
m 0 1871 2240
f 0 906
m 0 1872 3816
m 0 1873 2964
m 0 1874 2208
m 0 1875 1884
m 0 1876 2748
m 0 1877 820
m 0 1878 2840
f 0 715
m 0 1879 1572
m 0 1880 280
f 0 180
m 0 1881 2816
m 0 1882 3288
m 0 1883 3148
m 0 1884 3156
m 0 1885 2292
m 0 1886 672
m 0 1887 3092
m 0 1888 3276
m 0 1889 3084
f 0 1449
m 0 1890 3628
m 0 1891 3192
m 0 1892 2856
m 0 1893 2608
m 0 1894 1636
m 0 1895 436
m 0 1896 40
m 0 1897 2552
m 0 1898 2644
m 0 1899 2660
m 0 1900 2144
f 0 80
m 0 1901 2000
m 0 1902 2312
m 0 1903 1604
m 0 1904 1556
m 0 1905 3732
m 0 1906 476
m 0 1907 1116
m 0 1908 936
m 0 1909 1812
m 0 1910 3452
m 0 1911 4060
f 0 1723
m 0 1912 3868
m 0 1913 2196
m 0 1914 1908
f 0 780
m 0 1915 3976
m 0 1916 1468
m 0 1917 1008
m 0 1918 156
m 0 1919 436
m 0 1920 1664
m 0 1921 1312
m 0 1922 2548
m 0 1923 2392
m 0 1924 2196
m 0 1925 704
f 0 1042
m 0 1926 1252
f 0 1542
m 0 1927 2772
m 0 1928 840
m 0 1929 304
m 0 1930 3616
m 0 1931 2180
m 0 1932 144
m 0 1933 32
f 0 1326
m 0 1934 544
f 0 13
m 0 1935 3428
m 0 1936 836
m 0 1937 968
m 0 1938 2188
f 0 1738
m 0 1939 2372
m 0 1940 4
f 0 1408
m 0 1941 2424
m 0 1942 1932
m 0 1943 3160
m 0 1944 3712
m 0 1945 24
m 0 1946 392
m 0 1947 1004
m 0 1948 1628
m 0 1949 2520
m 0 1950 2344
m 0 1951 3924
f 0 1579
f 0 1741
m 0 1952 2044
m 0 1953 1060
f 0 1148
m 0 1954 3908
m 0 1955 2116
m 0 1956 1700
m 0 1957 3812
f 0 814
m 0 1958 1588
f 0 1213
f 0 1607
f 0 853
m 0 1959 3092
m 0 1960 1764
m 0 1961 4072
m 0 1962 208
m 0 1963 1952
m 0 1964 3680
m 0 1965 328
m 0 1966 2688
f 0 138
m 0 1967 780
m 0 1968 3644
m 0 1969 3836
m 0 1970 828
m 0 1971 3300
m 0 1972 2060
f 0 737
m 0 1973 3728
m 0 1974 2696
f 0 658
m 0 1975 1644
m 0 1976 3540
m 0 1977 3388
f 0 1039
m 0 1978 1096
m 0 1979 2180
m 0 1980 3236
f 0 895
m 0 1981 172
m 0 1982 4016
f 0 1546
f 0 149
m 0 1983 1912
m 0 1984 3684
m 0 1985 3136
m 0 1986 1012
m 0 1987 2680
m 0 1988 3028
m 0 1989 1172
m 0 1990 3180
m 0 1991 1936
m 0 1992 840
m 0 1993 2544
m 0 1994 2644
f 0 1815
m 0 1995 1312
m 0 1996 144
m 0 1997 2652
f 0 1195
f 0 1230
m 0 1998 2948
m 0 1999 4084
m 0 2000 1440
m 0 2001 1820
f 0 1757
f 0 864
m 0 2002 3236
m 0 2003 1016
m 0 2004 2220
m 0 2005 3496
m 0 2006 2428
f 0 689
m 0 2007 2972
m 0 2008 3012
m 0 2009 1980
m 0 2010 3288
m 0 2011 3004
m 0 2012 2820
m 0 2013 3256
m 0 2014 3300
m 0 2015 3948
f 0 635
m 0 2016 396
m 0 2017 3768
m 0 2018 3856
m 0 2019 3516
m 0 2020 3752
m 0 2021 3964
m 0 2022 368
f 0 801
m 0 2023 2312
m 0 2024 408
m 0 2025 2020
m 0 2026 1276
m 0 2027 2156
m 0 2028 688
m 0 2029 1244
f 0 121
m 0 2030 748
m 0 2031 1656
m 0 2032 2472
m 0 2033 136
f 0 1060
m 0 2034 1268
m 0 2035 1044
m 0 2036 1496
m 0 2037 352
m 0 2038 2428
m 0 2039 2532
m 0 2040 40
m 0 2041 2732
m 0 2042 80
m 0 2043 1260
m 0 2044 2072
m 0 2045 3008
m 0 2046 4
m 0 2047 2032
m 0 2048 3872
m 0 2049 1360
m 0 2050 492
f 0 1199
m 0 2051 3332
m 0 2052 1744
m 0 2053 596
m 0 2054 1080
f 0 156
m 0 2055 1096
f 0 1802
m 0 2056 1424
m 0 2057 3092
m 0 2058 1572
m 0 2059 484
m 0 2060 1764
m 0 2061 4016
f 0 1284
m 0 2062 1416
m 0 2063 1680
m 0 2064 2504
m 0 2065 192
m 0 2066 1604
m 0 2067 1204
f 0 1534
m 0 2068 2224
m 0 2069 2952
m 0 2070 1060
m 0 2071 424
m 0 2072 3544
f 0 1821
f 0 1082
m 0 2073 3300
m 0 2074 3820
m 0 2075 3940
m 0 2076 1228
m 0 2077 332
f 0 1459
m 0 2078 3588
m 0 2079 1968
m 0 2080 940
m 0 2081 2508
m 0 2082 1168
m 0 2083 744
m 0 2084 892
m 0 2085 2364
m 0 2086 608
m 0 2087 744
m 0 2088 652
m 0 2089 2720
m 0 2090 2176
m 0 2091 1164
m 0 2092 3232
f 0 546
m 0 2093 3488
f 0 107
m 0 2094 1596
m 0 2095 964
m 0 2096 2368
m 0 2097 1080
m 0 2098 1960
m 0 2099 1752
m 0 2100 1280
m 0 2101 3988
m 0 2102 2120
f 0 1604
f 0 1655
m 0 2103 3972
m 0 2104 380
m 0 2105 3024
m 0 2106 2836
m 0 2107 1172
m 0 2108 2800
m 0 2109 372
m 0 2110 2512
m 0 2111 2912
m 0 2112 2812
m 0 2113 844
m 0 2114 184
m 0 2115 288
m 0 2116 608
m 0 2117 2360
m 0 2118 632
m 0 2119 2252
m 0 2120 36
m 0 2121 1176
m 0 2122 3608
m 0 2123 3292
m 0 2124 424
f 0 1813
m 0 2125 2472
m 0 2126 1372
m 0 2127 2368
m 0 2128 1968
m 0 2129 1864
m 0 2130 3488
f 0 572
f 0 2125
m 0 2131 1324
f 0 491
f 0 1695
m 0 2132 2224
m 0 2133 1984
m 0 2134 428
m 0 2135 144
m 0 2136 3876
m 0 2137 1924
m 0 2138 1508
f 0 2023
m 0 2139 3652
f 0 1471
m 0 2140 3212
m 0 2141 2336
m 0 2142 1484
m 0 2143 1968
f 0 1745
m 0 2144 3976
f 0 2021
m 0 2145 1604
m 0 2146 3148
m 0 2147 196
m 0 2148 2824
m 0 2149 3164
m 0 2150 2112
m 0 2151 1132
m 0 2152 576
f 0 2067
m 0 2153 3684
m 0 2154 840
m 0 2155 2112
f 0 1346
f 0 292
f 0 1900
m 0 2156 1440
m 0 2157 3932
f 0 288
m 0 2158 2348
f 0 849
m 0 2159 720
m 0 2160 212
m 0 2161 3496
m 0 2162 3672
m 0 2163 800
m 0 2164 1632
m 0 2165 724
m 0 2166 3988
m 0 2167 3992
m 0 2168 492
m 0 2169 2268
m 0 2170 660
m 0 2171 1284
f 0 1093
m 0 2172 2612
m 0 2173 2684
m 0 2174 1304
m 0 2175 1548
m 0 2176 3400
m 0 2177 3800
m 0 2178 540
m 0 2179 3440
m 0 2180 2276
m 0 2181 1708
m 0 2182 420
m 0 2183 4040
m 0 2184 4092
m 0 2185 1316
m 0 2186 1668
f 0 277
m 0 2187 1928
m 0 2188 3272
m 0 2189 1368
m 0 2190 3248
f 0 1888
f 0 197
m 0 2191 1468
m 0 2192 776
m 0 2193 3048
f 0 884
f 0 1128
m 0 2194 1740
m 0 2195 3712
m 0 2196 2920
f 0 1586
m 0 2197 2280
m 0 2198 3192
m 0 2199 440
m 0 2200 1676
m 0 2201 3260
m 0 2202 2784
m 0 2203 3188
m 0 2204 3336
m 0 2205 3628
f 0 1950
f 0 778
m 0 2206 2896
m 0 2207 4040
m 0 2208 2540
f 0 1833
m 0 2209 568
m 0 2210 1044
m 0 2211 3776
m 0 2212 3324
m 0 2213 344
m 0 2214 3176
m 0 2215 704
m 0 2216 1260
m 0 2217 4088
m 0 2218 1200
m 0 2219 3628
m 0 2220 2412
f 0 1866
m 0 2221 136
m 0 2222 3592
m 0 2223 1392
m 0 2224 3844
m 0 2225 3336
m 0 2226 952
f 0 1380
m 0 2227 52
m 0 2228 504
f 0 772
m 0 2229 1132
f 0 392
m 0 2230 3300
m 0 2231 3804
m 0 2232 824
m 0 2233 3048
m 0 2234 2592
m 0 2235 3392
m 0 2236 3396
m 0 2237 1280
f 0 1397
m 0 2238 3768
m 0 2239 1728
m 0 2240 1544
m 0 2241 304
m 0 2242 3424
m 0 2243 1068
m 0 2244 1248
f 0 1058
m 0 2245 3372
m 0 2246 532
f 0 1928
m 0 2247 1624
m 0 2248 1256
f 0 1087
m 0 2249 2924
m 0 2250 236
f 0 1620
m 0 2251 1960
m 0 2252 3028
m 0 2253 1544
m 0 2254 4084
f 0 1804
f 0 1409
m 0 2255 1932
m 0 2256 2356
m 0 2257 3516
m 0 2258 172
m 0 2259 1132
m 0 2260 2476
m 0 2261 2344
m 0 2262 3580
m 0 2263 2364
m 0 2264 984
m 0 2265 128
m 0 2266 1040
f 0 1869
m 0 2267 2884
m 0 2268 292
m 0 2269 3904
m 0 2270 4
m 0 2271 964
m 0 2272 3136
m 0 2273 2808
m 0 2274 3520
f 0 2169
m 0 2275 920
m 0 2276 1392
m 0 2277 892
m 0 2278 856
f 0 1083
m 0 2279 1268
f 0 1707
f 0 557
m 0 2280 3984
f 0 346
m 0 2281 3584
m 0 2282 2656
m 0 2283 976
m 0 2284 488
m 0 2285 1540
m 0 2286 2872
m 0 2287 1132
f 0 901
m 0 2288 68
m 0 2289 912
m 0 2290 2768
f 0 2006
m 0 2291 844
m 0 2292 3168
m 0 2293 1748
m 0 2294 1436
m 0 2295 2572
m 0 2296 1336
m 0 2297 700
m 0 2298 1040
f 0 236
m 0 2299 3636
f 0 317
f 0 327
m 0 2300 1968
m 0 2301 948
m 0 2302 1440
m 0 2303 1492
m 0 2304 2080
f 0 185
m 0 2305 1540
m 0 2306 2932
m 0 2307 2336
m 0 2308 540
m 0 2309 672
m 0 2310 3932
f 0 1712
m 0 2311 1084
m 0 2312 2144
m 0 2313 2128
m 0 2314 644
f 0 1207
m 0 2315 128
m 0 2316 792
f 0 920
m 0 2317 2640
m 0 2318 1952
m 0 2319 2652
f 0 2147
m 0 2320 2764
f 0 717
m 0 2321 344
m 0 2322 2044
f 0 1520
m 0 2323 64
m 0 2324 1352
m 0 2325 3768
m 0 2326 2360
m 0 2327 1348
m 0 2328 316
m 0 2329 2600
m 0 2330 3668
m 0 2331 672
f 0 1341
m 0 2332 112
m 0 2333 3468
f 0 402
m 0 2334 928
f 0 566
m 0 2335 2664
m 0 2336 3424
m 0 2337 964
m 0 2338 2828
m 0 2339 1560
m 0 2340 1488
f 0 2039
m 0 2341 640
m 0 2342 1516
m 0 2343 3828
m 0 2344 2420
m 0 2345 628
f 0 719
m 0 2346 1952
m 0 2347 3432
m 0 2348 1708
m 0 2349 1564
m 0 2350 1064
f 0 698
m 0 2351 2916
m 0 2352 1380
m 0 2353 3800
m 0 2354 3912
m 0 2355 2220
m 0 2356 812
m 0 2357 1480
m 0 2358 772
m 0 2359 556
m 0 2360 1244
m 0 2361 2064
m 0 2362 1980
m 0 2363 1488
m 0 2364 3432
m 0 2365 3852
m 0 2366 744
m 0 2367 3012
m 0 2368 3552
m 0 2369 1580
m 0 2370 2460
m 0 2371 216
m 0 2372 2932
m 0 2373 112
f 0 785
m 0 2374 412
m 0 2375 3672
m 0 2376 1800
m 0 2377 2976
m 0 2378 2284
m 0 2379 1576
m 0 2380 1272
m 0 2381 1452
m 0 2382 3596
m 0 2383 2192
f 0 1811
m 0 2384 2928
m 0 2385 856
f 0 77
m 0 2386 2380
f 0 1073
m 0 2387 3324
f 0 430
m 0 2388 3676
m 0 2389 564
f 0 425
m 0 2390 2704
f 0 584
m 0 2391 124
f 0 974
m 0 2392 4012
m 0 2393 2772
f 0 1036
m 0 2394 1560
m 0 2395 1992
m 0 2396 456
m 0 2397 2656
m 0 2398 3884
m 0 2399 3752
m 0 2400 800
m 0 2401 2572
m 0 2402 4072
m 0 2403 3640
m 0 2404 1916
f 0 32
m 0 2405 3716
m 0 2406 1628
m 0 2407 2880
m 0 2408 2432
m 0 2409 1240
m 0 2410 3044
f 0 253
m 0 2411 3064
m 0 2412 944
m 0 2413 1748
f 0 129
m 0 2414 2880
m 0 2415 2348
f 0 994
m 0 2416 3624
m 0 2417 344
m 0 2418 764
m 0 2419 796
m 0 2420 152
f 0 130
m 0 2421 1168
m 0 2422 1780
f 0 2140
f 0 1345
m 0 2423 2432
m 0 2424 2804
m 0 2425 3104
m 0 2426 2264
m 0 2427 56
f 0 1278
f 0 1536
m 0 2428 2660
m 0 2429 2540
m 0 2430 3592
m 0 2431 1788
m 0 2432 1268
m 0 2433 1632
m 0 2434 536
m 0 2435 3200
m 0 2436 2216
m 0 2437 1320
m 0 2438 780
m 0 2439 2980
m 0 2440 2952
m 0 2441 3656
m 0 2442 3288
m 0 2443 3052
f 0 1942
m 0 2444 2604
m 0 2445 4064
m 0 2446 2000
m 0 2447 3476
m 0 2448 1412
m 0 2449 1888
m 0 2450 784
m 0 2451 232
f 0 811
m 0 2452 2020
m 0 2453 1724
f 0 1254
m 0 2454 2792
f 0 1564
m 0 2455 448
m 0 2456 2288
m 0 2457 1776
m 0 2458 3960
m 0 2459 3732
f 0 741
m 0 2460 384
m 0 2461 3448
m 0 2462 1784
m 0 2463 2400
m 0 2464 2356
m 0 2465 2768
m 0 2466 1236
f 0 1362
m 0 2467 4024
m 0 2468 460
m 0 2469 396
m 0 2470 2700
m 0 2471 3184
m 0 2472 3160
f 0 82
m 0 2473 2024
f 0 2259
m 0 2474 2644
f 0 654
m 0 2475 348
f 0 391
m 0 2476 1168
m 0 2477 1580
f 0 707
f 0 1470
m 0 2478 2132
m 0 2479 2260
m 0 2480 1208
m 0 2481 1156
m 0 2482 2092
m 0 2483 988
m 0 2484 360
f 0 1463
m 0 2485 3812
m 0 2486 1200
m 0 2487 3644
m 0 2488 1776
f 0 761
m 0 2489 3956
f 0 1828
f 0 2235
m 0 2490 1332
m 0 2491 3016
f 0 1343
m 0 2492 3812
m 0 2493 728
m 0 2494 2332
m 0 2495 400
m 0 2496 816
f 0 1394
m 0 2497 1108
m 0 2498 1928
m 0 2499 3728
m 0 2500 3016
m 0 2501 3060
m 0 2502 3228
m 0 2503 3476
m 0 2504 3288
f 0 1736
m 0 2505 1448
f 0 1465
m 0 2506 2500
m 0 2507 3108
m 0 2508 168
f 0 1781
f 0 1157
f 0 2416
m 0 2509 1212
f 0 342
m 0 2510 2024
m 0 2511 3668
m 0 2512 860
f 0 1349
m 0 2513 3196
m 0 2514 1180
m 0 2515 3816
f 0 2448
m 0 2516 776
m 0 2517 3568
m 0 2518 2512
m 0 2519 3800
m 0 2520 3728
m 0 2521 2924
m 0 2522 1332
m 0 2523 3396
m 0 2524 1232
m 0 2525 3200
m 0 2526 2984
m 0 2527 3616
m 0 2528 4016
m 0 2529 3248
m 0 2530 1024
m 0 2531 180
m 0 2532 864
m 0 2533 196
m 0 2534 2336
m 0 2535 2360
m 0 2536 3852
f 0 1909
m 0 2537 2196
m 0 2538 3980
m 0 2539 2264
f 0 2440
m 0 2540 1956
m 0 2541 360
m 0 2542 1376
m 0 2543 1776
m 0 2544 988
m 0 2545 2668
f 0 879
f 0 2302
f 0 1679
m 0 2546 344
m 0 2547 432
m 0 2548 712
m 0 2549 1056
m 0 2550 2164
m 0 2551 2364
f 0 558
m 0 2552 1632
m 0 2553 3676
m 0 2554 2376
m 0 2555 2260
f 0 474
m 0 2556 1140
m 0 2557 1620
f 0 512
m 0 2558 408
m 0 2559 3412
m 0 2560 3260
f 0 238
m 0 2561 428
m 0 2562 1864
m 0 2563 2620
m 0 2564 3404
m 0 2565 3368
m 0 2566 1360
f 0 134
m 0 2567 420
m 0 2568 2480
m 0 2569 2092
f 0 2553
m 0 2570 1912
m 0 2571 12
m 0 2572 3592
m 0 2573 3028
f 0 1936
m 0 2574 3084
f 0 2030
m 0 2575 3124
f 0 2224
m 0 2576 964
m 0 2577 2720
f 0 1359
m 0 2578 112
m 0 2579 1236
f 0 2276
m 0 2580 4052
m 0 2581 3948
m 0 2582 1196
f 0 2258
m 0 2583 2836
f 0 1772
m 0 2584 1556
f 0 1270
m 0 2585 3336
m 0 2586 1728
m 0 2587 2188
m 0 2588 2972
m 0 2589 2064
m 0 2590 3472
m 0 2591 3380
m 0 2592 592
f 0 1978
m 0 2593 3308
m 0 2594 564
m 0 2595 1436
f 0 2134
m 0 2596 1112
f 0 2505
m 0 2597 1992
f 0 678
m 0 2598 3636
m 0 2599 4
f 0 733
m 0 2600 1584
m 0 2601 2476
f 0 2139
m 0 2602 2328
m 0 2603 360
m 0 2604 2492
m 0 2605 2856
m 0 2606 72
m 0 2607 1696
m 0 2608 2916
f 0 65
m 0 2609 1188
m 0 2610 2504
m 0 2611 1800
m 0 2612 2144
m 0 2613 68
m 0 2614 1368
m 0 2615 1340
m 0 2616 2748
m 0 2617 2256
m 0 2618 1356
m 0 2619 1808
m 0 2620 1812
m 0 2621 1792
m 0 2622 3676
m 0 2623 1028
m 0 2624 824
m 0 2625 3124
m 0 2626 432
m 0 2627 3508
m 0 2628 1260
m 0 2629 3104
m 0 2630 3752
m 0 2631 1120
f 0 1590
m 0 2632 3888
f 0 1998
m 0 2633 284
m 0 2634 544
m 0 2635 1404
m 0 2636 3772
m 0 2637 1932
m 0 2638 3804
m 0 2639 556
m 0 2640 688
m 0 2641 104
m 0 2642 2888
m 0 2643 828
m 0 2644 2564
m 0 2645 3700
m 0 2646 1468
m 0 2647 3920
m 0 2648 3160
m 0 2649 2000
m 0 2650 376
m 0 2651 816
m 0 2652 2252
m 0 2653 4072
f 0 1137
m 0 2654 220
m 0 2655 948
m 0 2656 2416
f 0 1123
m 0 2657 1992
f 0 2105
f 0 1676
m 0 2658 3596
m 0 2659 3168
f 0 2323
f 0 1191
m 0 2660 3864
f 0 2263
m 0 2661 2204
m 0 2662 1144
m 0 2663 3600
m 0 2664 2116
m 0 2665 876
m 0 2666 1708
m 0 2667 836
m 0 2668 156
f 0 1910
m 0 2669 1360
m 0 2670 1236
f 0 1490
m 0 2671 3072
f 0 1721
f 0 2155
m 0 2672 2704
m 0 2673 1356
m 0 2674 2296
f 0 885
f 0 1762
m 0 2675 2576
f 0 1600
m 0 2676 948
m 0 2677 2088
f 0 1109
f 0 952
m 0 2678 1368
m 0 2679 32
m 0 2680 112
m 0 2681 1508
f 0 1969
m 0 2682 1652
m 0 2683 2764
m 0 2684 1812
m 0 2685 3776
f 0 595
m 0 2686 3988
m 0 2687 2716
m 0 2688 2852
m 0 2689 292
m 0 2690 1632
f 0 1874
m 0 2691 3568
m 0 2692 3152
m 0 2693 2148
m 0 2694 3064
f 0 1342
m 0 2695 136
m 0 2696 2328
m 0 2697 3836
m 0 2698 2248
m 0 2699 3288
m 0 2700 3600
m 0 2701 3912
m 0 2702 3288
m 0 2703 1108
m 0 2704 3616
m 0 2705 2744
m 0 2706 2724
m 0 2707 2532
m 0 2708 1896
m 0 2709 356
m 0 2710 1252
m 0 2711 3740
m 0 2712 852
m 0 2713 3664
m 0 2714 1472
m 0 2715 920
m 0 2716 3764
f 0 1132
m 0 2717 2092
m 0 2718 2900
f 0 2567
f 0 1200
m 0 2719 1572
m 0 2720 940
m 0 2721 464
f 0 714
m 0 2722 1060
m 0 2723 1912
m 0 2724 2716
m 0 2725 3844
m 0 2726 3700
m 0 2727 1628
m 0 2728 1364
f 0 2281
m 0 2729 3784
f 0 1352
m 0 2730 2896
m 0 2731 240
f 0 1281
m 0 2732 2328
f 0 1846
f 0 1291
m 0 2733 1104
m 0 2734 4056
m 0 2735 3840
f 0 873
f 0 1211
f 0 324
m 0 2736 2016
m 0 2737 3268
f 0 498
m 0 2738 3828
m 0 2739 2832
m 0 2740 1452
m 0 2741 1264
m 0 2742 3172
f 0 1155
m 0 2743 2492
m 0 2744 3324
f 0 2668
f 0 2566
f 0 1084
m 0 2745 1600
m 0 2746 3572
m 0 2747 1716
m 0 2748 2540
m 0 2749 4016
m 0 2750 3772
m 0 2751 2884
m 0 2752 824
m 0 2753 3308
m 0 2754 3012
m 0 2755 2320
f 0 1876
m 0 2756 3324
f 0 2694
m 0 2757 700
m 0 2758 2864
m 0 2759 3048
m 0 2760 1884
f 0 410
f 0 1837
m 0 2761 1588
f 0 915
m 0 2762 1896
m 0 2763 1596
m 0 2764 3724
m 0 2765 1136
f 0 2165
m 0 2766 88
m 0 2767 3032
m 0 2768 548
m 0 2769 3788
m 0 2770 2848
f 0 1487
m 0 2771 0
m 0 2772 1052
m 0 2773 1284
m 0 2774 2012
m 0 2775 4088
m 0 2776 2652
m 0 2777 1168
m 0 2778 3360
m 0 2779 940
m 0 2780 3428
m 0 2781 2488
m 0 2782 1848
m 0 2783 2412
f 0 2319
m 0 2784 2044
m 0 2785 156
m 0 2786 1616
f 0 1985
f 0 2306
m 0 2787 3336
f 0 2408
f 0 808
m 0 2788 3800
m 0 2789 2680
f 0 1398
m 0 2790 2656
m 0 2791 1564
m 0 2792 3080
m 0 2793 1020
m 0 2794 3348
f 0 551
f 0 1633
m 0 2795 3464
f 0 1485
f 0 2154
m 0 2796 2872
m 0 2797 400
m 0 2798 816
m 0 2799 1356
m 0 2800 1140
m 0 2801 2572
m 0 2802 2004
f 0 2608
f 0 1663
f 0 1990
m 0 2803 2528
m 0 2804 1600
f 0 1623
f 0 1817
m 0 2805 756
m 0 2806 2760
m 0 2807 2836
m 0 2808 3736
f 0 1509
m 0 2809 3196
m 0 2810 2588
m 0 2811 3156
m 0 2812 2756
m 0 2813 3744
m 0 2814 3276
m 0 2815 204
m 0 2816 1388
m 0 2817 3676
m 0 2818 2888
m 0 2819 2236
m 0 2820 2088
m 0 2821 1420
m 0 2822 2076
m 0 2823 1620
m 0 2824 2548
m 0 2825 168
m 0 2826 340
m 0 2827 2116
f 0 2525
m 0 2828 3808
f 0 1224
m 0 2829 4004
m 0 2830 3372
m 0 2831 2936
m 0 2832 1216
f 0 1228
m 0 2833 1264
m 0 2834 2276
f 0 218
m 0 2835 1412
m 0 2836 260
m 0 2837 3456
m 0 2838 912
f 0 2507
f 0 2744
m 0 2839 3064
m 0 2840 1744
f 0 1642
m 0 2841 2896
f 0 1575
m 0 2842 3528
m 0 2843 2000
f 0 1498
m 0 2844 264
m 0 2845 2536
m 0 2846 3084
m 0 2847 872
m 0 2848 3452
m 0 2849 2684
f 0 1295
f 0 348
m 0 2850 1352
m 0 2851 3220
f 0 2343
m 0 2852 3068
m 0 2853 3956
m 0 2854 2492
m 0 2855 996
m 0 2856 2124
m 0 2857 3508
m 0 2858 3480
m 0 2859 3456
f 0 2745
m 0 2860 1364
m 0 2861 2220
m 0 2862 2988
m 0 2863 3536
f 0 423
m 0 2864 2416
m 0 2865 3860
m 0 2866 2068
m 0 2867 3912
m 0 2868 1896
m 0 2869 3932
m 0 2870 3300
f 0 2399
m 0 2871 1728
m 0 2872 1052
m 0 2873 2896
m 0 2874 1464
m 0 2875 1796
f 0 2814
f 0 826
m 0 2876 1472
m 0 2877 3700
m 0 2878 2388
f 0 2337
m 0 2879 1340
m 0 2880 3820
m 0 2881 16
m 0 2882 3980
f 0 2087
m 0 2883 3620
m 0 2884 3924
f 0 914
m 0 2885 2680
m 0 2886 2944
m 0 2887 1412
m 0 2888 184
m 0 2889 892
m 0 2890 388
m 0 2891 1920
m 0 2892 744
m 0 2893 1152
m 0 2894 3464
m 0 2895 2744
m 0 2896 1332
m 0 2897 2952
f 0 1405
m 0 2898 264
m 0 2899 2344
f 0 83
m 0 2900 2628
m 0 2901 3880
m 0 2902 320
f 0 1049
m 0 2903 208
m 0 2904 3576
m 0 2905 252
f 0 834
m 0 2906 2052
f 0 2421
m 0 2907 4024
f 0 2760
m 0 2908 1532
m 0 2909 1180
m 0 2910 3084
f 0 2469
m 0 2911 1612
m 0 2912 3212
m 0 2913 964
f 0 854
m 0 2914 192
m 0 2915 2964
f 0 1597
f 0 1496
m 0 2916 1320
f 0 609
f 0 942
f 0 1234
f 0 2756
m 0 2917 2460
f 0 11
f 0 1547
m 0 2918 4044
m 0 2919 3400
m 0 2920 2084
f 0 868
m 0 2921 3156
m 0 2922 4036
m 0 2923 664
m 0 2924 3808
f 0 2366
m 0 2925 544
m 0 2926 3380
m 0 2927 2116
m 0 2928 3056
m 0 2929 1748
m 0 2930 1628
f 0 2499
f 0 1136
m 0 2931 1584
m 0 2932 1684
m 0 2933 916
m 0 2934 1416
m 0 2935 3936
m 0 2936 3544
m 0 2937 3968
f 0 2894
m 0 2938 2352
m 0 2939 952
f 0 1125
m 0 2940 1180
f 0 1033
m 0 2941 720
m 0 2942 3560
m 0 2943 4064
m 0 2944 1716
f 0 591
m 0 2945 984
f 0 1602
m 0 2946 3264
m 0 2947 2720
f 0 2447
f 0 2947
m 0 2948 2972
m 0 2949 3612
m 0 2950 1320
m 0 2951 268
m 0 2952 3804
m 0 2953 1728
m 0 2954 2512
m 0 2955 3612
m 0 2956 2460
f 0 1515
m 0 2957 2252
f 0 1760
f 0 592
f 0 75
m 0 2958 1860
f 0 1101
f 0 1239
m 0 2959 388
f 0 122
f 0 308
m 0 2960 1488
m 0 2961 2796
m 0 2962 2124
f 0 1984
m 0 2963 1736
f 0 2192
m 0 2964 3668
m 0 2965 2468
m 0 2966 1548
f 0 2022
m 0 2967 3648
f 0 375
m 0 2968 3916
f 0 1788
m 0 2969 1788
m 0 2970 2296
m 0 2971 36
m 0 2972 1236
m 0 2973 2224
m 0 2974 2120
f 0 336
f 0 1906
m 0 2975 1312
m 0 2976 1212
m 0 2977 2276
m 0 2978 3796
m 0 2979 668
m 0 2980 3060
f 0 2368
m 0 2981 2096
m 0 2982 2656
f 0 494
f 0 2737
m 0 2983 1288
m 0 2984 2256
f 0 2090
m 0 2985 2756
m 0 2986 2816
m 0 2987 1436
f 0 240
m 0 2988 128
m 0 2989 528
m 0 2990 732
m 0 2991 3112
m 0 2992 2384
m 0 2993 996
m 0 2994 3128
m 0 2995 2904
m 0 2996 2436
m 0 2997 3828
m 0 2998 4036
m 0 2999 1300
f 0 724
m 0 3000 1940
m 0 3001 820
m 0 3002 36
m 0 3003 1728
m 0 3004 888
m 0 3005 884
m 0 3006 2460
m 0 3007 3748
m 0 3008 664
m 0 3009 2948
m 0 3010 3696
f 0 2594
m 0 3011 1620
m 0 3012 2208
m 0 3013 2860
m 0 3014 1964
m 0 3015 1692
m 0 3016 3576
m 0 3017 1980
m 0 3018 704
m 0 3019 952
f 0 1764
m 0 3020 1880
m 0 3021 2524
m 0 3022 3176
m 0 3023 3584
m 0 3024 2748
m 0 3025 3772
m 0 3026 3392
m 0 3027 1232
f 0 3007
m 0 3028 1868
m 0 3029 1236
m 0 3030 812
m 0 3031 3528
m 0 3032 2744
m 0 3033 3776
m 0 3034 1476
m 0 3035 2428
m 0 3036 3332
m 0 3037 896
m 0 3038 164
m 0 3039 3176
f 0 2033
f 0 1818
m 0 3040 2108
m 0 3041 1452
m 0 3042 2080
m 0 3043 1928
m 0 3044 3200
m 0 3045 448
f 0 322
m 0 3046 1324
m 0 3047 776
m 0 3048 2184
f 0 2163
f 0 401
m 0 3049 1672
f 0 2149
f 0 2804
f 0 2881
m 0 3050 452
m 0 3051 3184
m 0 3052 1664
m 0 3053 3728
f 0 1951
m 0 3054 3172
f 0 2517
m 0 3055 2340
m 0 3056 1196
m 0 3057 1460
m 0 3058 2064
m 0 3059 2472
m 0 3060 200
f 0 2291
m 0 3061 3272
m 0 3062 3084
f 0 2788
m 0 3063 72
m 0 3064 1784
m 0 3065 1960
f 0 524
m 0 3066 3120
m 0 3067 2616
m 0 3068 3064
m 0 3069 4044
m 0 3070 3228
m 0 3071 3424
m 0 3072 2888
m 0 3073 324
m 0 3074 2040
f 0 1347
m 0 3075 2780
m 0 3076 1536
f 0 1766
m 0 3077 180
f 0 622
m 0 3078 1016
m 0 3079 3064
m 0 3080 2812
m 0 3081 912
f 0 638
f 0 2986
f 0 1911
m 0 3082 1160
m 0 3083 2560
f 0 902
m 0 3084 1520
m 0 3085 1052
m 0 3086 1656
m 0 3087 2984
f 0 1619
m 0 3088 2216
m 0 3089 1664
m 0 3090 2028
m 0 3091 2548
m 0 3092 3444
m 0 3093 1484
m 0 3094 724
m 0 3095 504
f 0 521
m 0 3096 3452
m 0 3097 2160
m 0 3098 444
m 0 3099 3924
f 0 176
m 0 3100 544
m 0 3101 3580
m 0 3102 2096
f 0 2863
m 0 3103 3884
f 0 2893
m 0 3104 840
m 0 3105 1192
f 0 964
f 0 2496
m 0 3106 976
f 0 2199
m 0 3107 3736
m 0 3108 3868
m 0 3109 1676
m 0 3110 3092
m 0 3111 2700
m 0 3112 2372
f 0 893
m 0 3113 1576
m 0 3114 3444
f 0 152
m 0 3115 1740
m 0 3116 1560
f 0 2558
m 0 3117 1172
m 0 3118 960
m 0 3119 1664
m 0 3120 3312
m 0 3121 996
m 0 3122 3904
m 0 3123 3116
m 0 3124 1672
m 0 3125 1724
m 0 3126 456
m 0 3127 3408
m 0 3128 2148
m 0 3129 2572
f 0 484
m 0 3130 944
m 0 3131 2684
f 0 820
f 0 2767
m 0 3132 3764
m 0 3133 2784
m 0 3134 2092
m 0 3135 1132
m 0 3136 624
f 0 2262
m 0 3137 3148
m 0 3138 868
f 0 99
f 0 664
m 0 3139 2020
m 0 3140 1372
m 0 3141 416
f 0 2763
f 0 3022
f 0 2303
m 0 3142 1312
m 0 3143 3732
m 0 3144 4068
m 0 3145 532
m 0 3146 192
f 0 2699
m 0 3147 3024
m 0 3148 4092
m 0 3149 2984
m 0 3150 440
f 0 2001
m 0 3151 3964
m 0 3152 1804
f 0 3062
m 0 3153 1908
m 0 3154 2440
m 0 3155 1004
f 0 3024
m 0 3156 3468
m 0 3157 1196
m 0 3158 3620
m 0 3159 1988
f 0 1184
f 0 3008
f 0 1877
m 0 3160 1152
f 0 2892
f 0 2241
m 0 3161 3048
f 0 1944
m 0 3162 64
f 0 2905
m 0 3163 2704
m 0 3164 3556
m 0 3165 836
f 0 2383
f 0 1798
m 0 3166 1864
m 0 3167 1580
m 0 3168 2188
m 0 3169 4056
m 0 3170 4016
m 0 3171 3708
m 0 3172 640
m 0 3173 1892
f 0 875
m 0 3174 1532
m 0 3175 2120
m 0 3176 3700
m 0 3177 1884
m 0 3178 1808
m 0 3179 1808
f 0 227
m 0 3180 2948
m 0 3181 3592
m 0 3182 1812
m 0 3183 356
f 0 1027
f 0 1423
m 0 3184 2172
m 0 3185 3792
m 0 3186 1424
m 0 3187 2128
m 0 3188 312
m 0 3189 1568
m 0 3190 1780
f 0 3157
m 0 3191 2704
f 0 704
f 0 1041
m 0 3192 2684
m 0 3193 1892
m 0 3194 2816
f 0 768
f 0 2685
m 0 3195 3816
m 0 3196 3704
m 0 3197 2908
m 0 3198 424
m 0 3199 3652
m 0 3200 2932
m 0 3201 3220
m 0 3202 2656
f 0 2024
f 0 887
m 0 3203 948
m 0 3204 3584
f 0 2214
m 0 3205 2912
m 0 3206 1368
m 0 3207 3144
m 0 3208 2844
m 0 3209 1776
m 0 3210 3416
m 0 3211 836
m 0 3212 156
m 0 3213 2508
m 0 3214 3136
f 0 2902
f 0 1210
m 0 3215 1536
m 0 3216 1684
m 0 3217 1260
m 0 3218 332
f 0 1196
m 0 3219 3436
f 0 219
m 0 3220 3436
m 0 3221 2272
f 0 1235
f 0 1181
m 0 3222 856
m 0 3223 3788
m 0 3224 768
m 0 3225 3192
f 0 1588
m 0 3226 1064
m 0 3227 132
m 0 3228 356
m 0 3229 536
m 0 3230 52
m 0 3231 2768
f 0 1527
m 0 3232 784
m 0 3233 660
m 0 3234 3272
m 0 3235 3256
m 0 3236 2420
m 0 3237 2376
m 0 3238 3568
f 0 1903
m 0 3239 96
m 0 3240 2084
f 0 2318
m 0 3241 3736
f 0 2313
m 0 3242 2272
f 0 3147
m 0 3243 1300
m 0 3244 1688
m 0 3245 2156
m 0 3246 1884
m 0 3247 680
m 0 3248 1796
f 0 615
m 0 3249 3580
m 0 3250 1376
m 0 3251 3088
m 0 3252 3920
m 0 3253 2416
f 0 649
f 0 2041
m 0 3254 1860
f 0 160
m 0 3255 2028
f 0 2453
m 0 3256 3968
m 0 3257 1792
m 0 3258 128
m 0 3259 1492
m 0 3260 3968
f 0 2390
m 0 3261 4048
m 0 3262 3416
f 0 667
m 0 3263 2500
m 0 3264 2272
m 0 3265 72
m 0 3266 2760
m 0 3267 4036
m 0 3268 1812
m 0 3269 3448
m 0 3270 2740
f 0 1654
f 0 586
m 0 3271 2252
m 0 3272 92
m 0 3273 952
m 0 3274 2192
m 0 3275 1360
m 0 3276 692
m 0 3277 536
m 0 3278 2852
m 0 3279 884
m 0 3280 2488
m 0 3281 1952
m 0 3282 860
m 0 3283 1716
m 0 3284 3112
f 0 2778
m 0 3285 3720
m 0 3286 1904
m 0 3287 1592
m 0 3288 3044
m 0 3289 2108
f 0 1363
m 0 3290 3268
f 0 1867
m 0 3291 2404
m 0 3292 3796
f 0 3272
m 0 3293 2832
m 0 3294 1028
f 0 997
m 0 3295 104
m 0 3296 2852
f 0 371
m 0 3297 524
m 0 3298 608
m 0 3299 600
m 0 3300 1796
m 0 3301 2212
m 0 3302 3320
m 0 3303 160
m 0 3304 1976
m 0 3305 2636
m 0 3306 2048
m 0 3307 3584
f 0 1519
m 0 3308 2380
m 0 3309 3672
m 0 3310 384
m 0 3311 4084
m 0 3312 3628
m 0 3313 636
m 0 3314 3468
m 0 3315 2904
m 0 3316 3944
m 0 3317 3928
m 0 3318 1416
f 0 1472
m 0 3319 1944
m 0 3320 2532
m 0 3321 340
f 0 2768
m 0 3322 3988
m 0 3323 2148
m 0 3324 332
m 0 3325 3292
m 0 3326 532
m 0 3327 340
f 0 930
m 0 3328 1572
m 0 3329 3524
m 0 3330 2860
m 0 3331 3676
m 0 3332 2384
m 0 3333 1972
m 0 3334 2044
m 0 3335 32
m 0 3336 2672
f 0 977
m 0 3337 2996
m 0 3338 272
m 0 3339 3028
m 0 3340 80
m 0 3341 728
m 0 3342 24
f 0 2733
f 0 2741
f 0 1387
m 0 3343 2012
m 0 3344 2056
f 0 3219
m 0 3345 3736
m 0 3346 3804
m 0 3347 2596
m 0 3348 2180
f 0 2896
m 0 3349 1000
m 0 3350 692
m 0 3351 68
m 0 3352 3504
m 0 3353 2688
m 0 3354 2168
f 0 2301
m 0 3355 3356
f 0 2854
f 0 1052
f 0 2333
m 0 3356 368
f 0 316
m 0 3357 1180
f 0 3168
m 0 3358 792
m 0 3359 2368
f 0 3123
m 0 3360 76
m 0 3361 800
m 0 3362 568
m 0 3363 3464
f 0 2916
f 0 1665
f 0 2036
f 0 2547
m 0 3364 2904
f 0 1180
f 0 1787
f 0 825
m 0 3365 1704
f 0 2293
m 0 3366 372
f 0 1859
m 0 3367 3068
m 0 3368 3292
f 0 791
f 0 3303
f 0 1165
m 0 3369 3536
m 0 3370 3180
m 0 3371 916
f 0 882
m 0 3372 3192
m 0 3373 2812
m 0 3374 2488
m 0 3375 2676
m 0 3376 1220
f 0 3189
m 0 3377 1748
m 0 3378 1940
f 0 2089
f 0 1752
m 0 3379 2996
f 0 3075
m 0 3380 2692
m 0 3381 1576
f 0 294
f 0 1238
m 0 3382 2240
m 0 3383 608
m 0 3384 2288
m 0 3385 2088
m 0 3386 2908
m 0 3387 528
m 0 3388 3976
m 0 3389 2320
m 0 3390 1308
f 0 1171
f 0 2413
f 0 417
m 0 3391 3536
m 0 3392 1632
f 0 2312
m 0 3393 2112
f 0 949
m 0 3394 3960
f 0 3011
f 0 2787
m 0 3395 1468
m 0 3396 264
m 0 3397 3508
f 0 926
m 0 3398 1324
m 0 3399 1500
f 0 2786
m 0 3400 3080
f 0 1954
m 0 3401 1644
f 0 758
m 0 3402 2912
m 0 3403 1988
f 0 784
f 0 3263
m 0 3404 608
m 0 3405 60
m 0 3406 2320
m 0 3407 1872
m 0 3408 2784
m 0 3409 3780
f 0 1693
m 0 3410 4
m 0 3411 3560
f 0 1504
m 0 3412 3036
m 0 3413 2896
m 0 3414 3300
f 0 916
m 0 3415 4072
m 0 3416 1904
m 0 3417 956
m 0 3418 3420
m 0 3419 2468
m 0 3420 1068
f 0 1243
f 0 2858
m 0 3421 3580
f 0 2526
f 0 2104
m 0 3422 3496
f 0 1298
m 0 3423 56
m 0 3424 3272
f 0 429
m 0 3425 2252
m 0 3426 3468
m 0 3427 2944
m 0 3428 1936
m 0 3429 3148
f 0 3196
m 0 3430 212
m 0 3431 1092
f 0 1088
m 0 3432 1636
m 0 3433 3072
m 0 3434 4040
m 0 3435 1400
m 0 3436 1688
m 0 3437 1276
f 0 3423
f 0 3301
m 0 3438 1620
f 0 2938
m 0 3439 332
m 0 3440 1652
m 0 3441 2584
m 0 3442 2112
m 0 3443 3988
m 0 3444 2852
m 0 3445 792
f 0 2073
f 0 562
m 0 3446 1876
m 0 3447 1176
f 0 2191
f 0 2065
m 0 3448 3504
f 0 1730
f 0 3412
m 0 3449 1404
m 0 3450 2640
m 0 3451 3348
m 0 3452 3516
f 0 224
m 0 3453 1320
m 0 3454 272
m 0 3455 2096
m 0 3456 1928
f 0 330
m 0 3457 1844
m 0 3458 1908
m 0 3459 96
m 0 3460 1692
m 0 3461 3108
f 0 3406
f 0 168
m 0 3462 3664
f 0 669
m 0 3463 2540
f 0 1682
f 0 2961
m 0 3464 2324
m 0 3465 200
f 0 3246
f 0 2584
m 0 3466 3160
m 0 3467 2284
f 0 302
m 0 3468 3584
f 0 1872
m 0 3469 2072
m 0 3470 1540
m 0 3471 1976
m 0 3472 1168
m 0 3473 2408
m 0 3474 616
f 0 2142
m 0 3475 1960
m 0 3476 2120
m 0 3477 3160
f 0 2211
m 0 3478 2344
m 0 3479 552
f 0 2479
f 0 1572
m 0 3480 2444
f 0 1386
m 0 3481 2936
m 0 3482 316
m 0 3483 1184
f 0 1151
f 0 1236
m 0 3484 612
f 0 770
m 0 3485 1736
f 0 442
f 0 2609
m 0 3486 204
m 0 3487 304
m 0 3488 2716
m 0 3489 2616
m 0 3490 3492
f 0 739
m 0 3491 3448
m 0 3492 1196
m 0 3493 2884
m 0 3494 4032
m 0 3495 3984
m 0 3496 2284
f 0 3101
f 0 2774
f 0 601
f 0 1194
f 0 1364
m 0 3497 912
m 0 3498 2500
f 0 2687
m 0 3499 428
m 0 3500 1064
f 0 2775
m 0 3501 556
f 0 2884
m 0 3502 2220
m 0 3503 1256
f 0 705
f 0 2864
m 0 3504 2656
m 0 3505 3508
m 0 3506 1508
m 0 3507 1280
f 0 3258
m 0 3508 2256
m 0 3509 964
f 0 2048
m 0 3510 144
f 0 712
m 0 3511 3764
m 0 3512 3700
m 0 3513 3452
f 0 377
m 0 3514 288
f 0 561
m 0 3515 4088
m 0 3516 1456
f 0 1836
m 0 3517 2648
m 0 3518 1772
m 0 3519 1608
m 0 3520 3124
m 0 3521 2028
m 0 3522 2864
f 0 815
m 0 3523 200
m 0 3524 704
m 0 3525 404
m 0 3526 2060
m 0 3527 1240
f 0 165
m 0 3528 1788
m 0 3529 676
m 0 3530 2592
m 0 3531 2108
f 0 723
m 0 3532 3104
m 0 3533 492
m 0 3534 1080
m 0 3535 2728
m 0 3536 3288
f 0 1480
f 0 1986
f 0 3335
m 0 3537 968
m 0 3538 240
m 0 3539 2512
m 0 3540 324
m 0 3541 3364
f 0 845
f 0 657
f 0 303
m 0 3542 2768
f 0 3125
m 0 3543 380
m 0 3544 3364
m 0 3545 216
m 0 3546 3560
f 0 1964
f 0 3129
m 0 3547 1968
m 0 3548 3416
f 0 2471
m 0 3549 884
m 0 3550 2284
m 0 3551 1232
m 0 3552 3292
f 0 1351
m 0 3553 196
m 0 3554 2856
m 0 3555 3160
m 0 3556 600
f 0 941
m 0 3557 3724
f 0 2488
f 0 250
m 0 3558 3640
m 0 3559 1352
m 0 3560 2604
m 0 3561 2896
f 0 846
m 0 3562 1304
f 0 2723
m 0 3563 1940
m 0 3564 2520
f 0 1847
m 0 3565 3852
m 0 3566 112
f 0 1946
m 0 3567 448
m 0 3568 2876
f 0 792
m 0 3569 492
m 0 3570 1628
f 0 1121
m 0 3571 196
f 0 2518
m 0 3572 1424
f 0 1340
f 0 2423
m 0 3573 3292
m 0 3574 464
f 0 140
m 0 3575 2396
m 0 3576 1928
m 0 3577 1572
m 0 3578 1708
m 0 3579 3724
m 0 3580 2708
m 0 3581 2388
f 0 2802
m 0 3582 3640
m 0 3583 3564
m 0 3584 2960
m 0 3585 2360
f 0 2450
m 0 3586 1604
f 0 3259
m 0 3587 3704
m 0 3588 3944
m 0 3589 2992
f 0 2965
f 0 982
m 0 3590 1568
f 0 2146
f 0 1414
m 0 3591 3792
f 0 3591
m 0 3592 1028
m 0 3593 96
m 0 3594 3748